45 872555443 529807647
15113456 1
914967247 117
136716242 15
967110165 5
70058663 1
13172693 1
112339574 1
31507630 1
694610243 1
814250348 1
52552413 1
359096230 1
657975688 1
982277014 1
283086178 2
15113456 1
914967247 117
136716242 15
967110165 5
70058663 1
13172693 1
112339574 1
31507630 1
694610243 1
814250348 1
52552413 1
359096230 1
657975688 1
982277014 1
283086178 2
15113456 1
914967247 117
136716242 15
967110165 5
70058663 1
13172693 1
112339574 1
31507630 1
694610243 1
814250348 1
52552413 1
359096230 1
657975688 1
982277014 1
283086178 2
